waypoints:
- name: 'Matrix 6: Goal behind + right with North heading (reverse into position)'
  x: -1.0
  y: -1.0
  heading_deg: 90.0
  tolerance_xy: 0.30
  tolerance_yaw: 0.30
  timeout: 35.0
  qx: 0.0
  qy: 0.0
  qz: 0.7071067811865476
  qw: 0.7071067811865476
