waypoints:
- name: 'Matrix 5: Goal behind + left with South heading'
  x: -1.18
  y: 0.9
  heading_deg: -90.0
  tolerance_xy: 0.25
  tolerance_yaw: 0.25
  timeout: 90.0
  qx: 0.0
  qy: 0.0
  qz: -0.7071067811865476
  qw: 0.7071067811865476
