waypoints:
- name: "Matrix 3: 90° left arc forward"
  x: 1.0
  y: 1.0
  heading_deg: 90.0
  tolerance_xy: 0.25
  tolerance_yaw: 0.25
  timeout: 50.0
  qx: 0.0
  qy: 0.0
  qz: 0.7071067811865476
  qw: 0.7071067811865476
